"YEAR" "RCONG" "DCONG" "RPRES" "DPRES" "G" "PRCONT" "PDCONT" "TOTPRES" "TOTCONG" "RREP" "DREP" "TR" "INFLAT" "PREVINFL" "PREVGNP" "GNP" "TOTPOP18" "ELIGIBLE" "MRCONG" "MDCONG" "MRPRES" "MDPRES" "MTOTCONG" "MTOTPRES" "MTR" "VRCONG" "VDCONG" "VRPRES" "VDPRES" "VTOTCONG" "VTOTPRES" "VTR" "LMRCONG" "LMDCONG" "LRREP" "LDREP" "REPRATIO" "DRATIO" "RRATIO" "REPSHIFT" "MRATIO1" "MRATIO2" "ON" "ONR1" "ONR2" "OND1" "OND2" "ON1" "ON2" "OFF" "OFF1" "OFF2" "PRESDIF" "RPRESDIF" "LRPDIF" "LPRESDIF" "LMTCONG" "DIFOYTC" "SHIFT" "FDR" "CPOINT" "CPCGNP" "CGNP" "LGNP" "LINFLAT"
"1" 1896 6845000 6339000 7102246 6492599 1 1 0 13907000 14652000 244 105 0 25 25 62.6 61.3 40981000 19332000 0.354076143182288 0.327901924270639 0.367382888475067 0.335847248086075 0.757914338919926 0.719377198427478 0 0.467171717171717 0.432637182637183 0.484728774228774 0.443120324870325 1 0.9491536991537 0 NA NA NA NA 0.398280802292264 0.300859598853868 0.699140401146132 NA 0.757914338919926 0 1 1 0 1 0 1 0 0 0 0 1.63126631434887e-09 1.63126631434887e-09 NA NA NA NA 0 0 0 -0.0672460169666874 -1.3 NA NA
"2" 1898 5258000 5373000 0 0 0 1 0 0 11513000 204 113 0 25 25 67.1 68.6 43180000 20175000 0.260619578686493 0.26631970260223 0 0 0.570656753407683 0 0 0.456701120472509 0.466689828889082 0 0 1 0 0 0.354076143182288 0.327901924270639 244 105 0.287066246056782 0.356466876971609 0.643533123028391 -0.151419558359621 0.570656753407683 0 0 0 0 0 0 0 0 1 1 0 0 0 1.63126631434887e-09 1.63126631434887e-09 0.757914338919926 -0.328143992678668 0 0 0 0.0743494423791821 1.5 61.3 25
"3" 1900 6973000 6086000 7218491 6356734 1 1 0 13968000 13626000 185 163 0 25 25 74.8 76.9 45379000 21018000 0.33176325054715 0.289561328385194 0.343443286706632 0.302442382719574 0.648301455894947 0.664573222951756 0 0.511742257448995 0.446646117716131 0.529758623220314 0.466515044767357 1 1.02509907529723 0 0.260619578686493 0.26631970260223 204 113 0.0632183908045977 0.468390804597701 0.531609195402299 -0.198275862068966 0.648301455894947 0 1 1 0 1 0 1 0 0 0 0 1.95075192630406e-09 1.95075192630406e-09 0 0 0.570656753407683 0 0 0 0 0.0999143591207542 2.10000000000001 68.6 25
"4" 1902 5250000 4980000 0 0 0 1 0 0 10654000 197 151 0 26 25 85.7 86.5 47578000 22188000 0.236614386154678 0.224445646295295 0 0 0.480169460969894 0 0 0.492772667542707 0.467430073211939 0 0 1 0 0 0.33176325054715 0.289561328385194 185 163 0.132183908045977 0.433908045977011 0.566091954022989 0.0689655172413793 0.480169460969894 0 0 0 0 0 0 0 0 1 1 0 0 0 1.95075192630406e-09 1.95075192630406e-09 0.648301455894947 -0.350151370696179 0 0 0 0.0360555255092843 0.799999999999997 76.9 25
"5" 1904 6837000 5298000 7628461 5084223 1 1 0 13521000 12697000 208 178 0 27 26 90.8 89.7 49792000 23358000 0.292704854867711 0.226817364500385 0.326588791848617 0.217665168250706 0.543582498501584 0.578859491394811 0 0.53847365519414 0.417263920611168 0.600808143655982 0.40042710876585 1 1.0648972198157 0 0.236614386154678 0.224445646295295 197 151 0.077720207253886 0.461139896373057 0.538860103626943 -0.0414507772020725 0.543582498501584 0 1 1 0 1 0 1 0 0 0 0 4.66322560141753e-09 4.66322560141753e-09 0 0 0.480169460969894 0 0 0 0 -0.0470930730370749 -1.09999999999999 86.5 26
"6" 1906 5350000 4659000 0 0 0 1 0 0 10552000 250 136 0 27 27 96.3 107.5 52224000 24528000 0.218118069145466 0.189946183953033 0 0 0.430202217873451 0 0 0.507012888551933 0.441527672479151 0 0 1 0 0 0.292704854867711 0.226817364500385 208 178 0.295336787564767 0.352331606217617 0.647668393782383 0.217616580310881 0.430202217873451 0 0 0 0 0 0 0 0 1 1 0 0 0 4.66322560141753e-09 4.66322560141753e-09 0.543582498501584 -0.26355112995137 0 0 0 0.45662100456621 11.2 89.7 27
"7" 1908 6975000 6466000 7675320 6412294 1 1 0 14884000 14021000 222 164 0 27 28 109.2 100.2 54660000 25698000 0.271421900537007 0.251614911666278 0.298673826756946 0.249525021402444 0.545606661997043 0.57918904194879 0 0.497468083588902 0.461165394764995 0.5474160188289 0.457334997503744 1 1.06155053134584 0 0.218118069145466 0.189946183953033 250 136 0.150259067357513 0.424870466321244 0.575129533678757 -0.145077720207254 0.545606661997043 0 1 1 0 1 0 1 0 0 0 0 1.91255371447203e-09 1.91255371447203e-09 0 0 0.430202217873451 0 0 0 0 -0.350221807144525 -9 107.5 27
"8" 1910 5427000 5536000 0 0 0 1 0 0 11669000 219 172 0 28 29 116.8 120.1 57346000 26868000 0.201987494417151 0.206044365043918 0 0 0.43430847104362 0 0 0.465078412888851 0.474419401833919 0 0 1 0 0 0.271421900537007 0.251614911666278 222 164 0.120204603580563 0.439897698209719 0.560102301790281 -0.0281329923273657 0.43430847104362 0 0 0 0 0 0 0 0 1 1 0 0 0 1.91255371447203e-09 1.91255371447203e-09 0.545606661997043 -0.256265300757266 0 0 0 0.122822688700312 3.3 100.2 27
"9" 1912 6602000 6128000 3486720 6296547 1 0 1 15037000 13517000 161 228 4118571 29 28 123.2 130.2 59387000 27744000 0.237961361014994 0.220876585928489 0.125674740484429 0.226951665224914 0.487204440599769 0.541991061130334 0.148449070069204 0.488421987127321 0.453355034401125 0.257950728711992 0.465824295331804 1 1.11245098764519 0.304695642524229 0.201987494417151 0.206044365043918 219 172 -0.172236503856041 0.58611825192802 0.413881748071979 -0.29305912596401 0.487204440599769 0 1 1 0 1 0 1 0 0 0 0 -3.65040818701285e-09 -9.0010811278002e-09 0 0 0.43430847104362 0 0 0 0 0.252306805074971 6.99999999999999 120.1 28
"10" 1914 5650000 5727000 0 0 0 0 1 0 13275000 127 291 0 30.1 29.7 131.4 125.6 61907000 28620000 0.197414395527603 0.200104821802935 0 0 0.463836477987421 0 0 0.425612052730697 0.431412429378531 0 0 1 0 0 0.237961361014994 0.220876585928489 161 228 -0.392344497607655 0.696172248803828 0.303827751196172 -0.232057416267943 0.463836477987421 0 0 0 0 0 0 0 0 1 1 0 0 0 -9.0010811278002e-09 -3.65040818701285e-09 0.487204440599769 -0.0503797431235704 0 0 0 -0.202655485674354 -5.80000000000001 130.2 29
"11" 1916 7810000 7468000 8533507 9127695 1 0 1 18531000 16140000 196 230 0 32.7 30.4 124.5 134.3 63811000 29496000 0.264781665310551 0.253186872796311 0.289310652291836 0.30945534987795 0.547192839707079 0.628254678600488 0 0.483890954151177 0.46270136307311 0.52871790582404 0.565532527881041 1 1.14814126394052 0 0.197414395527603 0.200104821802935 127 291 -0.07981220657277 0.539906103286385 0.460093896713615 0.305164319248826 0.547192839707079 0 1 1 0 1 0 1 0 0 0 0 -6.82963709862808e-10 -6.82963709862808e-10 0 0 0.463836477987421 0 0 0 0 0.332248440466504 9.80000000000001 125.6 30.1
"12" 1918 6600000 5421000 0 0 0 0 1 0 12579000 210 216 0 45.1 38.4 135.2 151.8 64092000 30372000 0.217305412880284 0.178486764124852 0 0 0.414164361912288 0 0 0.524683997138087 0.430956355831147 0 0 1 0 0 0.264781665310551 0.253186872796311 196 230 -0.0140845070422535 0.507042253521127 0.492957746478873 0.0657276995305164 0.414164361912288 0 0 0 0 0 0 0 0 1 1 0 0 0 -6.82963709862808e-10 -6.82963709862808e-10 0.547192839707079 -0.32119730722501 0 0 0 0.546556038456474 16.6 134.3 32.7
"13" 1920 14773000 9038000 16143407 9130328 1 1 0 26748000 25214000 240 190 0 60 51.8 146.4 140 66839000 61235000 0.241250918592308 0.147595329468441 0.263630391116192 0.149103094635421 0.411757981546501 0.436809014452519 0 0.585904656143412 0.358451653843103 0.64025569128262 0.362113429047355 1 1.0608392163084 0 0.217305412880284 0.178486764124852 210 216 0.116279069767442 0.441860465116279 0.558139534883721 0.130232558139535 0 0.411757981546501 1 0 1 1 0 0 1 0 0 0 1.8702914424883e-09 1.8702914424883e-09 0 0 0.414164361912288 0 1 0 1 -0.104515391524455 -6.4 151.8 45.1
"14" 1922 10548000 9131000 0 0 0 1 0 0 20409000 301 131 0 50.2 53.6 127.8 148 69102000 63297000 0.166642968861083 0.144256441853484 0 0 0.32243234276506 0 0 0.516830809936793 0.44740065657308 0 0 1 0 0 0.241250918592308 0.147595329468441 240 190 0.393518518518519 0.303240740740741 0.696759259259259 0.277777777777778 0 0.32243234276506 0 0 0 0 0 0 0 1 0 1 0 0 1.8702914424883e-09 1.8702914424883e-09 0.411757981546501 -0.277036844428874 2 0 1 0.319130448520467 20.2 140 60
"15" 1924 14932000 10845000 15718211 8385283 1 1 0 29086000 26884000 225 205 0 51.2 51.1 165.9 165.5 72035000 65914000 0.226537609612525 0.164532572746306 0.238465439815517 0.127215508086294 0.407864793518828 0.441271960433292 0 0.555423300104151 0.403399791697664 0.584667869364678 0.311906077964589 1 1.08190745424788 0 0.166642968861083 0.144256441853484 301 131 0.0465116279069767 0.476744186046512 0.523255813953488 -0.348837209302326 0 0.407864793518828 1 0 1 1 0 0 1 0 0 0 1.68780428633102e-09 1.68780428633102e-09 0 0 0.32243234276506 0 5 0 1 -0.00606851351761389 -0.400000000000006 148 50.2
"16" 1926 11643000 8284000 0 0 0 1 0 0 20435000 247 183 0 53 52.5 179.4 190 74619000 68244000 0.170608405134517 0.121387960846375 0 0 0.29944024383096 0 0 0.569757768534377 0.405382921458282 0 0 1 0 0 0.226537609612525 0.164532572746306 225 205 0.148837209302326 0.425581395348837 0.574418604651163 0.102325581395349 0 0.29944024383096 0 0 0 0 0 0 0 1 0 1 0 0 1.68780428633102e-09 1.68780428633102e-09 0.407864793518828 -0.362090774108092 6 0 1 0.155325010257312 10.6 165.5 51.2
"17" 1928 19163000 14361000 21391993 15016169 1 1 0 36812000 33906000 237 195 0 51.3 52 189.8 190.9 77325000 70701000 0.271042842392611 0.203123010989944 0.302569878785307 0.212389768178668 0.479568888700301 0.52067156051541 0 0.565180204093671 0.423553353388781 0.630920574529582 0.442876452545272 1 1.08570754438742 0 0.170608405134517 0.121387960846375 247 183 0.0972222222222222 0.451388888888889 0.548611111111111 -0.0509259259259259 0 0.479568888700301 1 0 1 1 0 0 1 0 0 0 1.27551393341875e-09 1.27551393341875e-09 0 0 0.29944024383096 0 9 0 1 0.0155584786636682 1.09999999999999 190 53
"18" 1930 13032000 11044000 0 0 0 1 0 0 24777000 267 167 0 50 51.3 203.6 183.5 80069000 73256000 0.177896691056023 0.15075898219941 0 0 0.338224855301955 0 0 0.525971667272067 0.44573596480607 0 0 1 0 0 0.271042842392611 0.203123010989944 237 195 0.230414746543779 0.384792626728111 0.615207373271889 0.133640552995392 0 0.338224855301955 0 0 0 0 0 0 0 1 0 1 0 0 1.27551393341875e-09 1.27551393341875e-09 0.479568888700301 -0.417899604900887 10 0 1 -0.274380255542208 -20.1 190.9 51.3
"19" 1932 15575000 20540000 15758901 22809638 1 0 1 39732000 37657000 214 220 0 40.9 45.6 169.3 144.2 82295000 75411000 0.206534855657663 0.27237405683521 0.20897350519155 0.302470965774224 0.499356857752848 0.526872737399053 0 0.413601720795602 0.545449717184056 0.418485301537563 0.605721061157288 1 1.05510263695993 0 0.177896691056023 0.15075898219941 267 167 -0.0138248847926267 0.506912442396313 0.493087557603687 -0.244239631336406 0 0.499356857752848 1 0 1 0 1 0 1 0 0 0 -1.23983849282828e-09 -1.23983849282828e-09 0 0 0.338224855301955 0 0 1 1 -0.332842688732413 -25.1 183.5 50
"20" 1934 13558000 17385000 0 0 0 0 1 0 32256000 117 310 0 40.1 38.8 141.5 154.3 84553000 77619000 0.174673726793697 0.223978665017586 0 0 0.415568353109419 0 0 0.420324900793651 0.538969494047619 0 0 1 0 0 0.206534855657663 0.27237405683521 214 220 -0.451990632318501 0.725995316159251 0.274004683840749 -0.437939110070258 0 0.415568353109419 0 0 0 0 0 0 0 1 0 1 0 0 -1.23983849282828e-09 -1.23983849282828e-09 0.499356857752848 -0.201623882127923 0 1 1 0.164908076630722 12.8 144.2 40.9
"21" 1936 17003000 23944000 16674665 27752869 1 0 1 45643000 42886000 103 319 0 41.5 41.1 169.5 193 86791000 79825000 0.213003445036016 0.299956154087065 0.208890259943627 0.347671393673661 0.537250234888819 0.571788286877545 0 0.396469710395001 0.558317399617591 0.388813715431609 0.647131208319731 1 1.06428671361283 0 0.174673726793697 0.223978665017586 117 310 -0.511848341232227 0.755924170616114 0.244075829383886 -0.0545023696682464 0 0.537250234888819 1 0 1 0 1 0 1 0 0 0 -1.73856728756698e-09 -1.73856728756698e-09 0 0 0.415568353109419 0 0 1 1 0.294393986846226 23.5 154.3 40.1
"22" 1938 17047000 17612000 0 0 0 0 1 0 36236000 89 331 0 42.2 43 203.2 192.9 89073000 81978000 0.207946034301886 0.214838127302447 0 0 0.442021030032448 0 0 0.470443757589138 0.486035986311955 0 0 1 0 0 0.213003445036016 0.299956154087065 103 319 -0.576190476190476 0.788095238095238 0.211904761904762 -0.0619047619047619 0 0.442021030032448 0 0 0 0 0 0 0 1 0 1 0 0 -1.73856728756698e-09 -1.73856728756698e-09 0.537250234888819 -0.215440439223855 0 1 1 -0.125643465319964 -10.3 193 41.5
"23" 1940 21393000 24092000 22321018 27307819 1 0 1 49891000 46951000 164 261 0 42 41.6 209.4 227.2 91763000 84429000 0.253384500586291 0.28535218941359 0.264376197751957 0.323441222802592 0.556100392045387 0.590922550308543 0 0.455645247172584 0.513130710740985 0.47541091776533 0.581623799280101 1 1.06261847457988 0 0.207946034301886 0.214838127302447 89 331 -0.228235294117647 0.614117647058824 0.385882352941176 0.341176470588235 0 0.556100392045387 1 0 1 0 1 0 1 0 0 0 -6.99582193921926e-10 -6.99582193921926e-10 0 0 0.442021030032448 0 0 1 1 0.210828033021829 17.8 192.9 42.2
"24" 1942 14203000 12934000 0 0 0 0 1 0 28074000 162 268 0 48.8 44.1 263.7 297.8 94489000 87151000 0.162970017555737 0.148409083085679 0 0 0.322130555013712 0 0 0.505912944361331 0.46071097812923 0 0 1 0 0 0.253384500586291 0.28535218941359 164 261 -0.246511627906977 0.623255813953488 0.376744186046512 -0.0209302325581395 0 0.322130555013712 0 0 0 0 0 0 0 1 0 1 0 0 -6.99582193921926e-10 -6.99582193921926e-10 0.556100392045387 -0.726319914053842 0 1 1 0.39127491365561 34.1 227.2 42
"25" 1944 21303000 22808000 22014745 25606585 1 0 1 47969000 45103000 208 218 0 52.7 51.8 337.1 361.3 97153000 89976000 0.23676313683649 0.253489819507424 0.244673524050858 0.284593502711834 0.501278118609407 0.533131057170801 0 0.472318914484624 0.505686983127508 0.488099350375806 0.567735738199233 1 1.06354344500366 0 0.162970017555737 0.148409083085679 162 268 -0.0234741784037559 0.511737089201878 0.488262910798122 0.225352112676056 0 0.501278118609407 1 0 1 0 1 0 1 0 0 0 -4.43673631423671e-10 -4.43673631423671e-10 0 0 0.322130555013712 0 0 1 1 0.26896061171868 24.2 297.8 48.8
"26" 1946 18400000 15221000 0 0 0 0 1 0 34398000 190 242 0 58.5 53.9 355.2 312.6 99501000 92595000 0.198714833414331 0.164382526054323 0 0 0.371488741292726 0 0 0.534914820629106 0.442496656782371 0 0 1 0 0 0.23676313683649 0.253489819507424 208 218 -0.12037037037037 0.560185185185185 0.439814814814815 -0.0972222222222222 0 0.371488741292726 0 0 0 0 0 0 0 1 0 1 0 0 -4.43673631423671e-10 -4.43673631423671e-10 0.501278118609407 -0.349376341433747 0 1 1 -0.460068038231005 -42.6 361.3 52.7
"27" 1948 20920000 23820000 21991291 24179345 1 0 1 48794000 45933000 245 188 0 72.1 66.9 309.9 323.7 102066000 95265000 0.21959796357529 0.250039363879704 0.230843342255813 0.253811420773631 0.482160289718155 0.512192305673647 0 0.455445975660201 0.518581412056691 0.478768880761109 0.526404654605621 1 1.06228637363116 0 0.198714833414331 0.164382526054323 190 242 0.131639722863741 0.434180138568129 0.565819861431871 0.251732101616628 0 0.482160289718155 1 0 1 0 1 0 1 0 0 0 -2.41096714615218e-10 -2.41096714615218e-10 0 0 0.371488741292726 0 0 1 1 0.14485907731066 13.8 312.6 58.5
"28" 1950 19750000 19785000 0 0 0 0 1 0 40342000 171 263 0 72.1 71.4 324.1 355.3 104624000 97998000 0.201534725198473 0.201891875344395 0 0 0.411661462478826 0 0 0.489564225868822 0.490431808041247 0 0 1 0 0 0.21959796357529 0.250039363879704 245 188 -0.211981566820276 0.605990783410138 0.394009216589862 -0.34331797235023 0 0.411661462478826 0 0 0 0 0 0 0 1 0 1 0 0 -2.41096714615218e-10 -2.41096714615218e-10 0.482160289718155 -0.171254376872731 0 1 1 0.318373844364171 31.2 323.7 72.1
"29" 1952 28470000 28715000 33936234 27314992 1 1 0 61551000 57723000 199 234 0 79.5 77.8 383.4 395.1 106683000 100446000 0.283435875993071 0.285874997511101 0.337855504450152 0.271937080620433 0.574666985245804 0.612777014515262 0 0.49321760823242 0.49746201687369 0.587915285068344 0.473208114616357 1 1.06631671950522 0 0.201534725198473 0.201891875344395 171 263 -0.0808314087759815 0.540415704387991 0.459584295612009 0.131639722863741 0 0.574666985245804 1 0 1 0 1 0 1 0 0 0 6.56257330602707e-10 6.56257330602707e-10 0 0 0.411661462478826 0 0 1 1 0.116480496983454 11.7 355.3 72.1
"30" 1954 20095000 22453000 0 0 0 1 0 0 42749000 221 211 0 80.5 80.1 412.8 407 108739000 102459000 0.196127231380357 0.21914131506261 0 0 0.417230306756849 0 0 0.470069475309364 0.52522866031954 0 0 1 0 0 0.283435875993071 0.285874997511101 199 234 0.0231481481481481 0.488425925925926 0.511574074074074 0.104166666666667 0 0.417230306756849 0 0 0 0 0 0 0 1 0 1 0 0 6.56257330602707e-10 6.56257330602707e-10 0.574666985245804 -0.377337590149473 0 1 1 -0.0566080090572816 -5.80000000000001 395.1 79.5
"31" 1956 28533000 29951000 35590472 26022752 1 1 0 62034000 58610000 203 232 0 81.4 80.2 438 446.1 110956000 104500000 0.273043062200957 0.286612440191388 0.340578679425837 0.249021550239234 0.560861244019139 0.593626794258373 0 0.486828186316328 0.511022009895922 0.607242313598362 0.443998498549736 1 1.05842006483535 0 0.196127231380357 0.21914131506261 221 211 -0.0666666666666667 0.533333333333333 0.466666666666667 -0.0896551724137931 0 0.560861244019139 1 0 1 0 1 0 1 0 0 0 8.7614477690529e-10 8.7614477690529e-10 0 0 0.417230306756849 0 0 1 1 0.0775119617224879 8.10000000000002 407 80.5
"32" 1958 19565000 25306000 0 0 0 1 0 0 44984000 200 233 0 86.6 84.3 452.5 447.3 113139000 106394000 0.183891948794105 0.237851758557813 0 0 0.422805797319398 0 0 0.434932420416148 0.562555575315668 0 0 1 0 0 0.273043062200957 0.286612440191388 203 232 -0.0762124711316397 0.53810623556582 0.46189376443418 -0.0092378752886836 0 0.422805797319398 0 0 0 0 0 0 0 1 0 1 0 0 8.7614477690529e-10 8.7614477690529e-10 0.560861244019139 -0.32652212333657 0 1 1 -0.0488749365565722 -5.19999999999999 446.1 81.4
"33" 1960 28625000 34222000 34108157 34226731 1 0 1 68838000 63110000 153 283 0 88.7 87.3 475.9 487.7 116146000 108856000 0.26296207834203 0.31437862864702 0.313332815830087 0.314422089733226 0.579756742852943 0.632376717865804 0 0.453573126287435 0.542259546823007 0.540455664712407 0.542334511170971 1 1.09076216130566 0 0.183891948794105 0.237851758557813 200 233 -0.298165137614679 0.64908256880734 0.350917431192661 -0.222477064220183 0 0.579756742852943 1 0 1 0 1 0 1 0 0 0 -1.00065582341637e-11 -1.00065582341637e-11 0 0 0.422805797319398 0 0 1 1 0.108400088189903 11.8 447.3 86.6
"34" 1962 24021000 26467000 0 0 0 0 1 0 50634000 174 263 0 90.6 89.6 497.2 529.8 119412000 111063000 0.216282650387618 0.238306186578789 0 0 0.455903406174874 0 0 0.474404550302168 0.522712011691749 0 0 1 0 0 0.26296207834203 0.31437862864702 153 283 -0.203661327231121 0.60183066361556 0.398169336384439 0.0938215102974828 0 0.455903406174874 0 0 0 0 0 0 0 1 0 1 0 0 -1.00065582341637e-11 -1.00065582341637e-11 0.579756742852943 -0.271665741033227 0 1 1 0.293527097233102 32.6 487.7 88.7
"35" 1964 28288000 38549000 27178188 43129566 1 0 1 70645000 67154000 177 258 0 92.9 92.9 551 581.1 122206000 113844000 0.248480376655775 0.338612487263273 0.238731843575419 0.378847949826078 0.589877376058466 0.62054214539194 0 0.421240730261786 0.574038776543467 0.404714358042708 0.642248652351312 1 1.05198498972511 0 0.216282650387618 0.238306186578789 174 263 -0.186206896551724 0.593103448275862 0.406896551724138 0.0183908045977011 0 0.589877376058466 1 0 1 0 1 0 1 0 0 0 -1.23077286682354e-09 -1.23077286682354e-09 0 0 0.455903406174874 0 0 1 1 0.264396893995292 30.1 529.8 90.6
"36" 1966 25635000 27044000 0 0 0 0 1 0 53143000 140 295 0 97.2 94.5 617.8 658.1 126665000 116523000 0.219999485080199 0.232091518412674 0 0 0.456073049955803 0 0 0.482377735543722 0.508891105131438 0 0 1 0 0 0.248480376655775 0.338612487263273 177 258 -0.35632183908046 0.67816091954023 0.32183908045977 -0.170114942528736 0 0.456073049955803 0 0 0 0 0 0 0 1 0 1 0 0 -1.23077286682354e-09 -1.23077286682354e-09 0.589877376058466 -0.29338354045614 0 1 1 0.345854466500177 40.3000000000001 581.1 92.9
"37" 1968 32142000 33244000 31785480 31275166 1 1 0 73212000 66285000 187 247 0 104.2 100 675.2 706.6 130815000 120098000 0.267631434328632 0.276807274059518 0.264662858665423 0.26041371213509 0.55192426185282 0.60960215823744 0 0.484906087350079 0.501531266500717 0.47952749490835 0.471828709361092 1 1.10450328128536 0 0.219999485080199 0.232091518412674 140 295 -0.138248847926267 0.569124423963134 0.430875576036866 0.21889400921659 0 0.55192426185282 1 0 1 0 1 0 1 0 0 0 3.5380660213605e-11 3.5380660213605e-11 0 0 0.456073049955803 0 0 1 1 0.261453146596945 31.4 658.1 97.2
"38" 1970 24415000 28923000 0 0 0 1 0 0 54173000 192 243 0 116.3 109.8 725.6 722.5 135290000 124127000 0.196693708862697 0.233011351277321 0 0 0.436432041376977 0 0 0.450685765971979 0.533900651616119 0 0 1 0 0 0.267631434328632 0.276807274059518 187 247 -0.117241379310345 0.558620689655172 0.441379310344828 0.0206896551724138 0 0.436432041376977 0 0 0 0 0 0 0 1 0 1 0 0 3.5380660213605e-11 3.5380660213605e-11 0.55192426185282 -0.264628188414985 0 1 1 -0.02497442135877 -3.10000000000002 706.6 104.2
"39" 1972 33104000 36828000 47170000 29170000 1 1 0 77719000 71270000 180 254 0 125.3 121.3 745.4 790.4 140920000 140920000 0.234913426057338 0.261339767243826 0.334728924212319 0.206996877661084 0.505747942094806 0.55151149588419 0 0.464487161498527 0.516739160937281 0.661849305458117 0.409288620738038 1 1.09048688087554 0 0.196693708862697 0.233011351277321 192 243 -0.170506912442396 0.585253456221198 0.414746543778802 -0.0529953917050691 0 0.505747942094806 1 0 1 0 1 0 1 0 0 0 9.06415317564822e-10 9.06415317564822e-10 0 0 0.436432041376977 0 0 1 1 0.319330116378087 45 722.5 116.3
"40" 1974 21281000 30159000 0 0 0 1 0 0 52391000 192 239 0 147.7 133.1 839.2 829 146550000 146550000 0.145213237802798 0.205793244626407 0 0 0.357495735243944 0 0 0.406195720639041 0.575652306693898 0 0 1 0 0 0.234913426057338 0.261339767243826 180 254 -0.109048723897912 0.554524361948956 0.445475638051044 0.062645011600928 0 0.357495735243944 0 0 0 0 0 0 0 1 0 1 0 0 9.06415317564822e-10 9.06415317564822e-10 0.505747942094806 -0.414696434769211 0 1 1 -0.0696008188331629 -10.2 790.4 125.3
"41" 1976 31242000 41741000 39146000 40829000 1 0 1 81556000 74262000 144 291 0 170.5 161.2 832.2 872.6 152180000 152180000 0.205296359574188 0.274287028518859 0.257234853463004 0.268294125377842 0.487987909055066 0.535917991851754 0 0.42069968489941 0.562077509358757 0.52713366189976 0.549796665858716 1 1.09821981632598 0 0.145213237802798 0.205793244626407 192 239 -0.337931034482759 0.66896551724138 0.331034482758621 -0.229885057471264 0 0.487987909055066 1 0 1 0 1 0 1 0 0 0 -7.267230854802e-11 -7.267230854802e-11 0 0 0.357495735243944 0 0 1 1 0.265475095281903 40.4 829 147.7
"42" 1978 24849000 29688000 0 0 0 0 1 0 55332000 143 292 0 195.4 181.5 915.1 959.1 157810000 157810000 0.157461504340663 0.188124960395412 0 0 0.350624168303656 0 0 0.449089134677944 0.536543049230102 0 0 1 0 0 0.205296359574188 0.274287028518859 144 291 -0.342528735632184 0.671264367816092 0.328735632183908 -0.00459770114942529 0 0.350624168303656 0 0 0 0 0 0 0 1 0 1 0 0 -7.267230854802e-11 -7.267230854802e-11 0.487987909055066 -0.39176917385925 0 1 1 0.278816298079969 44 872.6 170.5
"43" 1980 37370000 39338000 43904000 35484000 1 1 0 86515000 77995000 157 276 0 246.8 217.4 963.2 923.5 164055000 164055000 0.227789460851544 0.23978543781049 0.267617567279266 0.216293316265886 0.475419828715979 0.527353631404102 0 0.479133277774216 0.504365664465671 0.562907878710174 0.454952240528239 1 1.10923777165203 0 0.157461504340663 0.188124960395412 143 292 -0.274826789838337 0.637413394919169 0.362586605080831 0.069284064665127 0 0.475419828715979 1 0 1 0 1 0 1 0 0 0 3.12847831601473e-10 3.12847831601473e-10 0 0 0.350624168303656 0 0 1 1 -0.241992014873061 -39.7 959.1 195.4
"44" 1982 27799000 35696000 0 0 0 1 0 0 64514000 192 243 0 289.1 272.4 940.4 919.3 169497000 169497000 0.164008802515679 0.210599597632996 0 0 0.380620305964117 0 0 0.430898719657749 0.55330625910655 0 0 1 0 0 0.227789460851544 0.23978543781049 157 276 -0.117241379310345 0.558620689655172 0.441379310344828 0.15632183908046 0 0.380620305964117 0 0 0 0 0 0 0 1 0 1 0 0 3.12847831601473e-10 3.12847831601473e-10 0.475419828715979 -0.249065857145307 0 1 1 -0.124485979102875 -21.1 923.5 246.8
"45" 1984 38956000 43539000 54455075 37577185 1 1 0 92653000 83231000 182 253 0 311.1 298.4 958.9 1051 174939000 174939000 0.222683335334031 0.248881038533432 0.311280360582832 0.214801645144879 0.475771554656194 0.52963032828586 0 0.468046761423027 0.523110379546083 0.654264336605351 0.451480638223739 1 1.11320301330033 0 0.164008802515679 0.210599597632996 192 243 -0.163218390804598 0.581609195402299 0.418390804597701 -0.0459770114942529 0 0.475771554656194 1 0 1 0 1 0 1 0 0 0 5.51499182217531e-10 5.51499182217531e-10 0 0 0.380620305964117 0 0 1 1 0.526469226416065 92.1 919.3 289.1
"46" 1986 26532000 32540000 0 0 0 1 0 0 59619000 177 258 0 NA NA NA NA 178482000 178482000 0.148653645745789 0.182315303503995 0 0 0.334033684068982 0 0 0.44502591455744 0.545799157986548 0 0 1 0 0 0.222683335334031 0.248881038533432 182 253 -0.186206896551724 0.593103448275862 0.406896551724138 -0.0229885057471264 0 0.334033684068982 0 0 0 0 0 0 0 1 0 1 0 0 5.51499182217531e-10 5.51499182217531e-10 0.475771554656194 -0.424322088900298 0 1 1 NA NA 1051 311.1
"47" 1988 37175000 43662000 48886097 41809074 1 1 0 91594000 81786000 174 259 0 NA NA NA NA 182628000 182628000 0.203555862189807 0.239076154806492 0.267681281074096 0.22893025165911 0.4478283724292 0.501533171255229 0 0.454539896803854 0.533856650282444 0.597731848971707 0.511200865673832 1 1.11992272516079 0 0.148653645745789 0.182315303503995 177 258 -0.196304849884527 0.598152424942263 0.401847575057737 -0.0092378752886836 0 0.4478283724292 1 0 1 0 1 0 1 0 0 0 2.12185587177134e-10 2.12185587177134e-10 0 0 0.334033684068982 0 0 1 1 NA NA NA NA
